time,loudness
0.0,0.0
0.001997745383867833,0.0
0.003995490767735666,0.0
0.005993236151603499,0.0
0.007990981535471332,0.0
0.009988726919339164,0.0
0.011986472303206997,0.02476350776783706
0.013984217687074831,0.2800321075724906
0.015981963070942663,0.5500099418322061
0.017979708454810495,0.7354189939983032
0.019977453838678327,0.894021838024235
0.021975199222546163,1.0309450147217907
0.023972944606413995,1.2125816521390969
0.025970689990281827,1.4707928934236811
0.027968435374149662,1.7229516011571249
0.029966180758017495,1.9611690911494926
0.03196392614188533,2.1511163140972007
0.03396167152575316,2.5940826469189426
0.03595941690962099,3.213678609168658
0.037957162293488826,3.7435123952082026
0.039954907677356655,4.050526047937457
0.04195265306122449,4.394735372392835
0.043950398445092326,4.713982490111065
0.045948143828960154,4.919918233533904
0.04794588921282799,4.98023664391639
0.049943634596695825,4.997687475849337
0.051941379980563654,5.039871975635085
0.05393912536443149,5.143301993147965
0.055936870748299325,5.577193507829701
0.057934616132167154,6.195140013678188
0.05993236151603499,6.472881952134052
0.06193010689990282,6.651645953980365
0.06392785228377065,7.012304650513202
0.06592559766763849,7.433011678628442
0.06792334305150632,7.734089923505665
0.06992108843537415,8.047936194864857
0.07191883381924198,8.130358934777838
0.07391657920310982,8.216114177303439
0.07591432458697765,8.504522999164347
0.07791206997084549,8.957843013145947
0.07990981535471331,9.801614954438072
0.08190756073858114,10.295286105489517
0.08390530612244898,10.683636849515176
0.08590305150631682,11.095904730223577
0.08790079689018465,11.49376651775879
0.08989854227405249,11.397801474271683
0.09189628765792031,11.313274775626047
0.09389403304178814,11.45839522866277
0.09589177842565598,12.21659087873738
0.09788952380952382,12.67315014359809
0.09988726919339165,12.730649879857566
0.10188501457725947,12.702677290215647
0.10388275996112731,12.746068384747925
0.10588050534499514,12.872347091951976
0.10787825072886298,12.903600336326077
0.10987599611273081,12.904178996147909
0.11187374149659865,13.706620679049115
0.11387148688046647,14.38594299886379
0.11586923226433431,14.643944218249375
0.11786697764820214,14.665052043951665
0.11986472303206998,15.380216555514824
0.12186246841593781,16.040414534124867
0.12386021379980564,16.118815037786074
0.12585795918367348,16.69419550537195
0.1278557045675413,19.505781762716886
0.12985344995140913,21.87471458888651
0.13185119533527698,22.77327965763392
0.1338489407191448,23.633404325956608
0.13584668610301265,26.216070553137023
0.13784443148688047,27.831009461564342
0.1398421768707483,27.732186595072925
0.14183992225461614,28.337603200194764
0.14383766763848396,30.984413327675632
0.1458354130223518,32.052653074183944
0.14783315840621963,31.377982200388345
0.14983090379008746,32.30891064212666
0.1518286491739553,34.663893212421875
0.15382639455782313,35.37410732981331
0.15582413994169098,34.65850247396672
0.1578218853255588,35.75947941879089
0.15981963070942662,37.613076850392446
0.16181737609329447,37.94533674756224
0.1638151214771623,37.31690728687083
0.16581286686103014,39.280568156694734
0.16781061224489796,41.31717197014682
0.1698083576287658,41.3851609778459
0.17180610301263363,41.04323646042383
0.17380384839650145,42.29482229529275
0.1758015937803693,42.899088215143934
0.17779933916423712,42.273609010987656
0.17979708454810497,42.884693425534834
0.1817948299319728,44.0817701594399
0.18379257531584062,43.777021302531125
0.18579032069970847,43.09559644966848
0.1877880660835763,44.02732534956439
0.18978581146744414,44.422130282113784
0.19178355685131196,43.964047668097905
0.19378130223517978,43.8724462871202
0.19577904761904763,44.698229167516715
0.19777679300291545,44.54424073931075
0.1997745383867833,43.71560540459778
0.20177228377065112,44.214118779575585
0.20377002915451894,45.167637810508374
0.2057677745383868,44.94782060161979
0.20776551992225462,44.40245127775474
0.20976326530612247,45.07359777846965
0.2117610106899903,45.28777260461524
0.2137587560738581,44.504306033606355
0.21575650145772596,44.08474528119935
0.21775424684159378,44.664508867292426
0.21975199222546163,44.31895385626418
0.22174973760932945,43.448820463582365
0.2237474829931973,43.879338739846744
0.22574522837706512,44.48653938027808
0.22774297376093294,43.74179366510398
0.2297407191448008,43.054369682313094
0.23173846452866861,44.02328571469616
0.23373620991253646,44.469798073368366
0.23573395529640429,43.691346621738774
0.2377317006802721,43.540069081695265
0.23972944606413996,44.561854851899284
0.24172719144800778,44.46723442909301
0.24372493683187563,43.51222098686233
0.24572268221574345,43.70040797783865
0.24772042759961127,44.66003645213083
0.24971817298347912,44.64115542236405
0.25171591836734697,43.951769476262996
0.2537136637512148,44.44367454949456
0.2557114091350826,45.13351671132173
0.25770915451895043,44.844622692870615
0.25970689990281826,44.185950577742446
0.26170464528668613,44.76298479858417
0.26370239067055395,45.3310589169624
0.2657001360544218,44.893075809716855
0.2676978814382896,43.97531565395872
0.2696956268221574,44.64971372628564
0.2716933722060253,45.41388893055591
0.2736911175898931,45.182378281959615
0.27568886297376094,44.35314689196537
0.27768660835762876,44.41917585773305
0.2796843537414966,45.06972780235363
0.28168209912536446,44.771124050882804
0.2836798445092323,43.6598612472181
0.2856775898931001,42.94970033033998
0.2876753352769679,43.49843446312312
0.28967308066083575,43.0398956998895
0.2916708260447036,42.12497335739759
0.29366857142857145,41.44023773221156
0.29566631681243927,41.80523041660584
0.2976640621963071,42.29494092631727
0.2996618075801749,41.644200064700826
0.3016595529640428,40.74145758537895
0.3036572983479106,39.92730360271876
0.30565504373177843,40.42923637769451
0.30765278911564625,41.19947195396653
0.3096505344995141,40.83342552209917
0.31164827988338195,40.09522732791555
0.3136460252672498,39.47969271558864
0.3156437706511176,39.00409377511783
0.3176415160349854,39.559420625999934
0.31963926141885324,39.2672888027861
0.3216370068027211,38.03274638938045
0.32363475218658894,37.37448294408995
0.32563249757045676,37.29359373110846
0.3276302429543246,37.184155823048876
0.32962798833819246,36.96233554779161
0.3316257337220603,36.98310332362993
0.3336234791059281,36.55897577641569
0.3356212244897959,35.59884361597145
0.33761896987366374,34.98875217641535
0.3396167152575316,34.60634930906144
0.34161446064139944,34.10418329179926
0.34361220602526726,33.4542314408113
0.3456099514091351,32.770978377456444
0.3476076967930029,31.86096095230983
0.3496054421768708,30.745785990781187
0.3516031875607386,29.708252276674376
0.3536009329446064,28.823308145423113
0.35559867832847425,27.801668168364408
0.35759642371234207,26.756210315795308
0.35959416909620995,25.80684854473246
0.36159191448007777,25.122590530357016
0.3635896598639456,24.52348187629353
0.3655874052478134,23.889102979260564
0.36758515063168123,23.282032999734025
0.3695828960155491,22.797509602325157
0.37158064139941693,22.382139346658878
0.37357838678328475,22.003539299946542
0.3755761321671526,21.5593019980295
0.3775738775510204,21.094999450176683
0.3795716229348883,20.585504811482807
0.3815693683187561,20.10878617864545
0.3835671137026239,19.70794300349441
0.38556485908649174,19.42804065089846
0.38756260447035956,19.069541674913054
0.38956034985422744,18.58961906566694
0.39155809523809526,18.090171988331612
0.3935558406219631,17.60701930229274
0.3955535860058309,17.09020636216961
0.3975513313896987,16.56634011771866
0.3995490767735666,16.08797690794922
0.4015468221574344,15.643913140310062
0.40354456754130225,15.243340416027948
0.40554231292517007,14.867860576651607
0.4075400583090379,14.499376723208986
0.40953780369290577,14.163742192379418
0.4115355490767736,13.844344638509696
0.4135332944606414,13.522761160739107
0.41553103984450923,13.200692850283303
0.41752878522837705,12.925958328675392
0.41952653061224493,12.642715066536145
0.42152427599611275,12.338474875562019
0.4235220213799806,12.036165228788253
0.4255197667638484,11.728388547816369
0.4275175121477162,11.399732168387878
0.4295152575315841,11.063488059591812
0.4315130029154519,10.7233860541749
0.43351074829931974,10.386776362342468
0.43550849368318756,10.05725930955151
0.4375062390670554,9.729982323713745
0.43950398445092326,9.410315523306892
0.4415017298347911,9.103321004693296
0.4434994752186589,8.830450676820352
0.4454972206025267,8.584173036778441
0.4474949659863946,8.36160058375877
0.4494927113702624,8.154173557476236
0.45149045675413024,8.066219744637733
0.45348820213799806,8.182380893000486
0.4554859475218659,8.265632047983354
0.45748369290573376,8.227856755807196
0.4594814382896016,8.38151161756033
0.4614791836734694,9.017921076517911
0.46347692905733723,9.579126024495865
0.46547467444120505,10.020894130584018
0.4674724198250729,10.581189348249534
0.46947016520894075,12.212741535440333
0.47146791059280857,13.79957496249888
0.4734656559766764,14.855675504853757
0.4754634013605442,15.531221483154807
0.4774611467444121,16.316796008707406
0.4794588921282799,16.777786225928565
0.48145663751214773,16.82746098911934
0.48345438289601556,16.93871195563544
0.4854521282798834,16.953916615644054
0.48744987366375125,16.804547824970037
0.4894476190476191,16.27772562095888
0.4914453644314869,15.620272299873115
0.4934431098153547,15.214445238805677
0.49544085519922254,15.192911048620857
0.4974386005830904,15.026203800315646
0.49943634596695824,14.790741570944174
0.5014340913508261,14.62784455126748
0.5034318367346939,14.481552736958601
0.5054295821185617,14.365098400341225
0.5074273275024296,14.657407160274118
0.5094250728862973,15.010548675788826
0.5114228182701652,14.882878336955292
0.5134205636540331,14.979103613488967
0.5154183090379009,14.884113658274206
0.5174160544217687,14.577682293325227
0.5194137998056365,14.37984765645912
0.5214115451895044,14.39699420825674
0.5234092905733723,14.372568552361503
0.52540703595724,14.35527215287619
0.5274047813411079,14.574316593802118
0.5294025267249757,14.663501102102753
0.5314002721088436,14.695503556542883
0.5333980174927114,14.651168945787715
0.5353957628765792,14.55297721736287
0.5373935082604471,14.621326475335751
0.5393912536443148,14.618235123574632
0.5413889990281827,14.52045170042543
0.5433867444120506,14.396563504790269
0.5453844897959184,14.504841129552334
0.5473822351797862,14.969077359758636
0.549379980563654,15.200432283613047
0.5513777259475219,15.170276497424144
0.5533754713313898,15.010634704408545
0.5553732167152575,15.10306214770287
0.5573709620991254,15.581896768095294
0.5593687074829932,15.829037644006432
0.561366452866861,15.888606845316719
0.5633641982507289,15.894526542519303
0.5653619436345967,15.971066137057218
0.5673596890184646,16.478562306700745
0.5693574344023323,16.7573804842905
0.5713551797862002,16.77162845507189
0.5733529251700681,16.635769408730923
0.5753506705539359,16.50183631086122
0.5773484159378037,16.707344266752887
0.5793461613216715,16.954034264389932
0.5813439067055394,16.97449624605584
0.5833416520894072,16.901122451490032
0.585339397473275,16.808217775173272
0.5873371428571429,16.812255814000327
0.5893348882410107,16.91840539799975
0.5913326336248785,16.83751758641728
0.5933303790087464,16.678458660230945
0.5953281243926142,16.52353458704636
0.597325869776482,16.332697061358754
0.5993236151603498,16.29123577728544
0.6013213605442177,16.19805704173183
0.6033191059280856,15.99276942921518
0.6053168513119533,15.746435608352353
0.6073145966958212,15.58465490076706
0.609312342079689,15.348369600713836
0.6113100874635569,15.243854067478708
0.6133078328474247,15.135555544658004
0.6153055782312925,15.021570995694681
0.6173033236151604,14.824080990411364
0.6193010689990281,14.597001113581488
0.621298814382896,14.84227314763336
0.6232965597667639,15.780075119006508
0.6252943051506317,16.52972934593594
0.6272920505344995,16.971376745284363
0.6292897959183673,17.10179038237279
0.6312875413022352,17.143120936266495
0.6332852866861031,17.64232296928809
0.6352830320699708,18.572109085961458
0.6372807774538387,19.067926094469733
0.6392785228377065,19.07636476475934
0.6412762682215744,19.041867261825043
0.6432740136054422,19.788900442220545
0.64527175898931,20.412400320378218
0.6472695043731779,20.30646758986594
0.6492672497570458,20.020025041089532
0.6512649951409135,20.505262133648266
0.6532627405247814,21.227779494736716
0.6552604859086492,21.19461424416515
0.657258231292517,21.180934699710225
0.6592559766763849,21.383767229640874
0.6612537220602527,22.040723560940208
0.6632514674441206,22.235073261979693
0.6652492128279883,21.899879112528524
0.6672469582118562,21.727476334777293
0.6692447035957241,22.16629269488631
0.6712424489795918,22.393006413049342
0.6732401943634597,22.366646897371627
0.6752379397473275,22.14282606228523
0.6772356851311954,22.002513973860793
0.6792334305150632,22.38225959984102
0.681231175898931,22.928825281235117
0.6832289212827989,23.254019751411647
0.6852266666666667,23.37864791984891
0.6872244120505345,23.78510081510871
0.6892221574344024,24.225969243448336
0.6912199028182702,24.15267265230124
0.693217648202138,24.24133311959294
0.6952153935860058,24.316552033077482
0.6972131389698737,24.29609325714045
0.6992108843537416,24.32293154305396
0.7012086297376093,24.5290642129283
0.7032063751214772,24.57888358035902
0.705204120505345,24.282408595994788
0.7072018658892129,24.254238678192046
0.7091996112730807,25.100121814703243
0.7111973566569485,25.429167653158643
0.7131951020408164,24.970846870898274
0.7151928474246841,24.271086998497843
0.717190592808552,23.78578278349016
0.7191883381924199,23.40526128722445
0.7211860835762877,23.07580171766147
0.7231838289601555,23.300147074875753
0.7251815743440233,23.70817375709868
0.7271793197278912,23.83753220943651
0.7291770651117591,23.537167599397165
0.7311748104956268,23.85212725496713
0.7331725558794947,24.28362904915876
0.7351703012633625,24.505469861196786
0.7371680466472303,24.80366342011038
0.7391657920310982,25.128840964178913
0.741163537414966,25.12842288828042
0.7431612827988339,25.30222081730902
0.7451590281827016,25.47115214203515
0.7471567735665695,24.979497374936642
0.7491545189504374,24.815550807096066
0.7511522643343052,25.070058018808304
0.753150009718173,25.03302883197813
0.7551477551020408,24.310671767899834
0.7571455004859087,23.908489623927995
0.7591432458697766,24.171651129455377
0.7611409912536443,24.234894166918032
0.7631387366375122,23.599145805880635
0.76513648202138,22.87478889964307
0.7671342274052478,22.49928766512577
0.7691319727891157,22.012233391119466
0.7711297181729835,21.367047192955297
0.7731274635568514,20.63717859640674
0.7751252089407191,20.044122023719893
0.777122954324587,19.501998154533602
0.7791206997084549,18.808460232795237
0.7811184450923226,18.093470543780143
0.7831161904761905,17.421690069501345
0.7851139358600583,16.801625845032945
0.7871116812439262,16.173027766593144
0.789109426627794,15.567496440139294
0.7911071720116618,15.015545503290781
0.7931049173955297,14.482445663715025
0.7951026627793975,13.965323359694153
0.7971004081632653,13.468434004230462
0.7990981535471332,12.988644314952932
0.801095898931001,12.512213812158286
0.8030936443148688,12.049507553729132
0.8050913896987366,11.607938286696701
0.8070891350826045,11.190642568095171
0.8090868804664724,10.824146226064746
0.8110846258503401,10.469606019097384
0.813082371234208,10.120100553378442
0.8150801166180758,9.798037537673848
0.8170778620019437,9.480693081979531
0.8190756073858115,9.173910177641087
0.8210733527696793,8.86919413388507
0.8230710981535472,8.582688989853256
0.8250688435374149,8.31608793650899
0.8270665889212828,8.080042298186298
0.8290643343051507,7.8500621530223675
0.8310620796890185,7.6327658116590795
0.8330598250728863,7.420988945431831
0.8350575704567541,7.2129057689930764
0.837055315840622,7.05784968558989
0.8390530612244899,7.03728607063881
0.8410508066083576,7.024397357628632
0.8430485519922255,6.997006778837222
0.8450462973760933,6.916676305158571
0.8470440427599611,6.836358911348287
0.849041788143829,6.768836787499692
0.8510395335276968,6.660934122590644
0.8530372789115647,6.5308589883905945
0.8550350242954324,6.4057447442387625
0.8570327696793003,7.829172276924702
0.8590305150631682,9.507916772943148
0.861028260447036,10.30765591075659
0.8630260058309038,11.102229711341696
0.8650237512147716,13.060276741133631
0.8670214965986395,14.471048521451547
0.8690192419825074,15.428015040721895
0.8710169873663751,17.339509813890672
0.873014732750243,18.822947346840294
0.8750124781341108,19.204186236219172
0.8770102235179786,19.963796842991997
0.8790079689018465,21.00818122920905
0.8810057142857143,21.195019960926192
0.8830034596695822,21.811820018398755
0.8850012050534499,23.013085268803657
0.8869989504373178,23.157560676766472
0.8889966958211857,23.592478618128283
0.8909944412050534,24.75247945696447
0.8929921865889213,25.007927527994507
0.8949899319727892,25.527942877311347
0.896987677356657,26.67823631246532
0.8989854227405248,26.735120382117604
0.9009831681243926,27.219795695420665
0.9029809135082605,28.355865159460414
0.9049786588921284,28.38544025417524
0.9069764042759961,29.119163254173525
0.908974149659864,29.841773944533564
0.9109718950437318,29.398592959269912
0.9129696404275996,30.07092950107559
0.9149673858114675,30.01523151627824
0.9169651311953353,29.28088962498148
0.9189628765792032,30.264683151242558
0.9209606219630709,30.185259447116497
0.9229583673469388,29.853820228640714
0.9249561127308067,30.757945963907616
0.9269538581146745,30.405970557875193
0.9289516034985423,30.40977646023205
0.9309493488824101,30.897095013917117
0.932947094266278,30.144350967396438
0.9349448396501459,30.57380628834627
0.9369425850340136,30.819440367215705
0.9389403304178815,30.15178579679384
0.9409380758017493,30.717630127054328
0.9429358211856171,30.7713797270212
0.944933566569485,30.059436822581283
0.9469313119533528,30.754500370109856
0.9489290573372207,30.553895799853933
0.9509268027210884,29.644525149320305
0.9529245481049563,29.76317441604492
0.9549222934888242,29.460467424405046
0.956920038872692,28.54757331644232
0.9589177842565598,27.934562220862762
0.9609155296404276,27.779914689228214
0.9629132750242955,27.5638405223307
0.9649110204081633,27.476075014331194
0.9669087657920311,27.503932895742153
0.968906511175899,27.118843201717002
0.9709042565597668,26.50119849119316
0.9729020019436346,25.954008510555823
0.9748997473275025,25.606098050242245
0.9768974927113703,25.22756829204838
0.9788952380952382,24.773034544135278
0.9808929834791059,24.357732113954924
0.9828907288629738,23.92536735127225
0.9848884742468417,23.556081119534557
0.9868862196307094,23.03890576827492
0.9888839650145773,22.432473364278003
0.9908817103984451,21.824411900875873
0.992879455782313,21.194129994886502
0.9948772011661808,20.535899744779545
0.9968749465500486,19.869811286660095
0.9988726919339165,19.19664398039904
1.0008704373177844,18.521163863443725
1.0028681827016521,17.919364258476335
1.0048659280855199,17.338803450975206
1.0068636734693879,16.758187520610186
1.0088614188532556,16.23050093180772
1.0108591642371234,15.708580340547407
1.0128569096209912,15.23194528823255
1.0148546550048592,14.757431761936378
1.016852400388727,14.285695268557072
1.0188501457725947,13.980078489597698
1.0208478911564627,13.72597011066669
1.0228456365403304,13.544133783111572
1.0248433819241982,13.342376236767663
1.0268411273080662,13.194426718609728
1.028838872691934,12.991505893393695
1.0308366180758017,12.769278493448716
1.0328343634596697,12.875082430216846
1.0348321088435375,13.316796866512142
1.0368298542274053,13.713571351689769
1.038827599611273,13.881215996358934
1.040825344995141,13.896235292057868
1.0428230903790088,13.840769518819286
1.0448208357628765,13.788610281984592
1.0468185811467445,13.505317952742843
1.0488163265306123,13.12602459637567
1.05081407191448,12.773309498238127
1.052811817298348,12.498887558114825
1.0548095626822158,12.274324565545035
1.0568073080660836,12.106598461244653
1.0588050534499513,11.985988848706173
1.0608027988338193,11.908232838515294
1.062800544217687,11.823347677261097
1.0647982896015549,11.715524163481557
1.0667960349854229,11.442008597430931
1.0687937803692906,11.239508987183424
1.0707915257531584,11.201225450887671
1.0727892711370264,11.144837091019905
1.0747870165208941,11.12526657957313
1.076784761904762,11.255252537154863
1.0787825072886297,11.42018140425331
1.0807802526724977,11.62244097786525
1.0827779980563654,11.649288382962904
1.0847757434402332,11.516520946400014
1.0867734888241012,11.272656046959764
1.088771234207969,10.912439184623874
1.0907689795918367,10.558105653736868
1.0927667249757047,10.425941293635649
1.0947644703595725,10.315541568935762
1.0967622157434402,10.177580615392756
1.098759961127308,10.002668379258738
1.100757706511176,9.718777771825032
1.1027554518950438,9.439590054214507
1.1047531972789115,9.197051062029917
1.1067509426627795,8.975451288114149
1.1087486880466473,8.725108885420067
1.110746433430515,8.484431702920961
1.112744178814383,8.267083316065104
1.1147419241982508,8.085004504107841
1.1167396695821186,7.920590924782563
1.1187374149659863,7.754735669236494
1.1207351603498543,7.584700258169141
1.122732905733722,7.496851129722568
1.1247306511175899,7.522087718153295
1.1267283965014578,7.552885799363127
1.1287261418853256,7.527528201057523
1.1307238872691934,7.394302352441108
1.1327216326530614,7.282434839426951
1.1347193780369291,7.215726269602515
1.136717123420797,7.218852910018378
1.1387148688046647,7.269792368971375
1.1407126141885326,7.405648214217918
1.1427103595724004,7.602970897817526
1.1447081049562682,7.792258679626817
1.1467058503401362,8.652723354289126
1.148703595724004,9.878137474586094
1.1507013411078717,10.508351693109745
1.1526990864917397,10.595796739225289
1.1546968318756075,10.539162714295621
1.1566945772594752,10.6131792778602
1.158692322643343,11.01230364151278
1.160690068027211,12.185149503093129
1.1626878134110787,13.107588629361508
1.1646855587949465,13.459035561760718
1.1666833041788145,13.413277169138016
1.1686810495626823,13.304056489947191
1.17067879494655,13.323843667063297
1.172676540330418,13.76777221004464
1.1746742857142858,14.27496499134854
1.1766720310981535,14.449751052025794
1.1786697764820213,14.474548320677641
1.1806675218658893,14.490235398224478
1.182665267249757,14.503650843450295
1.1846630126336248,15.281085548650289
1.1866607580174928,16.06954760434124
1.1886585034013606,16.392442557370583
1.1906562487852284,16.450001790671333
1.1926539941690963,16.362234196327332
1.194651739552964,16.397353475164252
1.1966494849368319,17.71243046537019
1.1986472303206996,18.900584084610838
1.2006449757045676,19.358381537921364
1.2026427210884354,19.204064886702938
1.2046404664723032,18.795083628968975
1.2066382118561712,18.876265464935063
1.208635957240039,20.536541115154108
1.2106337026239067,21.799799318517735
1.2126314480077747,22.0395473791557
1.2146291933916424,21.704284950444574
1.2166269387755102,21.16323556215923
1.218624684159378,22.086174596571325
1.220622429543246,25.305011539114474
1.2226201749271137,27.582065049845195
1.2246179203109815,28.465510963276806
1.2266156656948495,28.951424481105462
1.2286134110787172,29.250860804346868
1.230611156462585,30.82105312661845
1.232608901846453,33.15710312417887
1.2346066472303208,34.160359306775376
1.2366043926141885,34.020464428650655
1.2386021379980563,33.32964531191402
1.2405998833819243,32.79696461803183
1.242597628765792,34.47693676491088
1.2445953741496598,36.11285773485376
1.2465931195335278,36.36215385574965
1.2485908649173956,35.87422120320188
1.2505886103012633,35.09573844995326
1.2525863556851313,36.519399740042694
1.254584101068999,38.71449705975369
1.2565818464528669,38.74554310291637
1.2585795918367346,37.22202773702643
1.2605773372206026,35.98933908932075
1.2625750826044704,36.341840483560006
1.2645728279883381,38.4648082377566
1.2665705733722061,39.36587402874986
1.268568318756074,38.5671733171812
1.2705660641399417,37.19241288216318
1.2725638095238097,36.27567924512648
1.2745615549076774,37.9874345630778
1.2765593002915452,39.43711011348489
1.278557045675413,39.58984646965645
1.280554791059281,38.79767749484414
1.2825525364431487,37.73798860034948
1.2845502818270165,38.53108938893126
1.2865480272108845,39.27018499784466
1.2885457725947522,38.78571283935561
1.29054351797862,37.82447260982709
1.292541263362488,36.96392066835291
1.2945390087463557,36.113575406826385
1.2965367541302235,35.56132069996879
1.2985344995140915,34.58102102071976
1.3005322448979593,33.46546944314858
1.302529990281827,32.56357544500178
1.3045277356656948,31.956585205550315
1.3065254810495628,31.674199831111608
1.3085232264334306,30.973126366529932
1.3105209718172983,30.036711021206226
1.3125187172011663,29.19111300722853
1.314516462585034,28.691037004687495
1.3165142079689018,28.793224283140205
1.3185119533527698,28.45001994412916
1.3205096987366376,27.76011278567573
1.3225074441205054,27.039690217697082
1.3245051895043731,26.562782032633464
1.3265029348882411,27.168478633627032
1.3285006802721089,27.481921512947295
1.3304984256559766,27.219172096714786
1.3324961710398446,26.764451341831794
1.3344939164237124,26.229938040319144
1.3364916618075802,26.091904363586035
1.3384894071914482,26.118375786499172
1.340487152575316,25.737513069737922
1.3424848979591837,25.208172441375268
1.3444826433430515,24.6594596920061
1.3464803887269194,24.27368410069964
1.3484781341107872,24.407047731831675
1.350475879494655,24.27432467047459
1.352473624878523,23.808325631057436
1.3544713702623907,23.331155530535487
1.3564691156462585,22.8852524053194
1.3584668610301265,22.62602639949025
1.3604646064139942,22.582144486308195
1.362462351797862,22.31895858195525
1.3644600971817298,21.91290450613731
1.3664578425655978,21.514871767140335
1.3684555879494655,21.179936523532383
1.3704533333333333,21.53696906517949
1.3724510787172013,21.97859076712151
1.374448824101069,21.943486312161788
1.3764465694849368,21.593396809878286
1.3784443148688048,21.085408860361774
1.3804420602526726,20.78369267809852
1.3824398056365403,22.388595004474062
1.384437551020408,24.37868679949056
1.386435296404276,24.97702526327187
1.3884330417881439,25.02661923026311
1.3904307871720116,24.96562211429587
1.3924285325558796,24.76944331228645
1.3944262779397474,25.06257170532067
1.3964240233236151,25.87503946870256
1.3984217687074831,25.903605651261387
1.400419514091351,25.360879735634363
1.4024172594752187,24.984950790052373
1.4044150048590864,25.0431516570783
1.4064127502429544,25.430688903948795
1.4084104956268222,25.742132156761627
1.41040824101069,25.52428348320857
1.412405986394558,24.817927145474318
1.4144037317784257,24.375896217760463
1.4164014771622935,24.025242047165072
1.4183992225461615,23.831280830124236
1.4203969679300292,24.41786326543331
1.422394713313897,24.769578873662518
1.4243924586977648,24.69760075167382
1.4263902040816328,24.453190556378104
1.4283879494655005,24.099601568595855
1.4303856948493683,23.71719228957777
1.4323834402332363,24.040617231739496
1.434381185617104,24.267544447074645
1.4363789310009718,24.1843264252197
1.4383766763848398,23.881988536959906
1.4403744217687076,23.321494658799047
1.4423721671525753,22.771706513213438
1.444369912536443,22.94679940438785
1.446367657920311,23.14743519877905
1.4483654033041788,22.896995679812804
1.4503631486880466,22.44636792272037
1.4523608940719146,22.118178855712678
1.4543586394557824,21.86944000769466
1.4563563848396501,21.91352518031553
1.4583541302235181,22.06297167109367
1.4603518756073859,21.914973940972104
1.4623496209912537,21.477999244001037
1.4643473663751214,21.001967749539077
1.4663451117589894,20.552279951818846
1.4683428571428572,20.302676100800767
1.470340602526725,20.384100742001877
1.472338347910593,20.353205692076966
1.4743360932944607,20.103171912186518
1.4763338386783285,19.737724300627725
1.4783315840621964,19.393381146234656
1.4803293294460642,19.17837060068103
1.482327074829932,19.28148499486146
1.4843248202137997,19.246734962856376
1.4863225655976677,19.02725672939013
1.4883203109815355,18.774778936264305
1.4903180563654033,18.566393853381644
1.4923158017492713,18.336302811184854
1.494313547133139,18.56752677127018
1.4963112925170068,19.05548668137449
1.4983090379008748,19.139100412964616
1.5003067832847425,18.960332791713547
1.5023045286686103,18.731115518757335
1.504302274052478,18.487134906609718
1.506300019436346,18.418968969534475
1.5082977648202138,18.821856069879054
1.5102955102040816,19.035955765211575
1.5122932555879496,18.878484840258484
1.5142910009718173,18.614781103687832
1.5162887463556851,18.406324803323734
1.518286491739553,18.252266622709854
1.5202842371234209,18.81344200494123
1.5222819825072886,19.26015752102367
1.5242797278911564,19.27136995179869
1.5262774732750244,19.10850570077461
1.5282752186588922,19.01933009013315
1.53027296404276,18.940483824981882
1.532270709426628,19.37428779972392
1.5342684548104957,20.293286520821248
1.5362662001943634,20.49753349428005
1.5382639455782314,20.349002545193187
1.5402616909620992,20.390066952716694
1.542259436345967,20.52698447914532
1.544257181729835,20.614038926001946
1.5462549271137027,21.19109669759961
1.5482526724975705,21.55791129070042
1.5502504178814382,21.46936531453722
1.5522481632653062,21.316178740547613
1.554245908649174,21.36678580404069
1.5562436540330418,21.309230506250763
1.5582413994169098,21.74015752175149
1.5602391448007775,22.88972259353242
1.5622368901846453,23.033807659397866
1.5642346355685133,22.581625650850818
1.566232380952381,22.148470609802168
1.5682301263362488,21.854013600775296
1.5702278717201166,21.90285684273334
1.5722256171039846,23.10723969436876
1.5742233624878523,24.032167944850926
1.57622110787172,23.708860187513608
1.578218853255588,22.979103076509016
1.5802165986394558,22.664363803287777
1.5822143440233236,22.558149051905563
1.5842120894071916,22.318552394905435
1.5862098347910594,22.597717525492456
1.5882075801749271,22.516331082348763
1.590205325558795,21.78028050439532
1.592203070942663,21.079728132586233
1.5942008163265307,20.48762987639726
1.5961985617103984,20.03582403124276
1.5981963070942664,19.857968199176568
1.6001940524781342,20.443337587421723
1.602191797862002,20.633170847380747
1.60418954324587,20.32187068769013
1.6061872886297377,19.920773870192754
1.6081850340136055,19.564119868849193
1.6101827793974732,19.190619567707373
1.6121805247813412,18.926181142008364
1.614178270165209,18.912279793850317
1.6161760155490767,18.79519567310028
1.6181737609329447,18.44809373588748
1.6201715063168125,18.01399924619903
1.6221692517006803,17.69522621636286
1.6241669970845483,17.43230203572243
1.626164742468416,17.21551168424221
1.6281624878522838,16.946701556552615
1.6301602332361516,16.52716144344417
1.6321579786200195,16.03494917027233
1.6341557240038873,15.564385133221428
1.636153469387755,15.155983680144438
1.638151214771623,14.84272056893575
1.6401489601554908,14.794041892041339
1.6421467055393586,14.74344052329733
1.6441444509232266,14.592540039252906
1.6461421963070944,14.39419074277615
1.6481399416909621,14.174648291350383
1.6501376870748299,13.947720497005983
1.6521354324586979,13.826341663766181
1.6541331778425656,13.89208585965227
1.6561309232264334,13.817952345212861
1.6581286686103014,13.674813272084503
1.6601264139941692,13.513792551518176
1.662124159378037,13.280537896211174
1.664121904761905,13.166451688798436
1.6661196501457727,13.295817224461349
1.6681173955296404,13.323523351357302
1.6701151409135082,13.201045138094202
1.6721128862973762,12.969664577897564
1.674110631681244,12.75393542534821
1.6761083770651117,12.637820330548937
1.6781061224489797,12.623899310969158
1.6801038678328475,12.494471781206535
1.6821016132167153,12.24564895857106
1.6840993586005832,11.961796410751361
1.686097103984451,11.737410031100229
1.6880948493683188,11.751297247263643
1.6900925947521865,11.777395623377863
1.6920903401360545,11.637030882628224
1.6940880855199223,11.477124963415681
1.69608583090379,11.308159998091062
1.698083576287658,11.104435427841818
1.7000813216715258,10.917736625163617
1.7020790670553936,10.697310829177498
1.7040768124392616,10.433138318213013
1.7060745578231293,10.183262890022174
1.708072303206997,10.004615927069608
1.7100700485908649,9.877077307833646
1.7120677939747329,9.730142730560246
1.7140655393586006,9.582975902663819
1.7160632847424684,9.414163453636897
1.7180610301263364,9.297326235787857
1.7200587755102041,9.276147054054068
1.722056520894072,9.239019122459482
1.72405426627794,9.106614783223367
1.7260520116618077,8.907648935470917
1.7280497570456754,8.811766470409971
1.7300475024295432,8.728223973165928
1.7320452478134112,8.592357233795513
1.734042993197279,8.417158792678666
1.7360407385811467,8.293685377012208
1.7380384839650147,8.144726325563942
1.7400362293488825,7.962259784681365
1.7420339747327502,7.775625780759196
1.7440317201166182,7.579930245046808
1.746029465500486,7.379917780079813
